38,52
38,51
38,50
38,49
38,48
38,47
38,46
38,45
38,44
38,43
38,42
38,41
38,40
38,39
38,38
38,37
38,36
38,35
14,5
33,7
33,6
33,13
33,12
33,14
10,10
10,120
10,186
10,76
10,126
10,80
10,258
10,24
11,15
11,12
11,5
11,26
11,7
11,17
9,4
9,6
8,11
8,6
8,17
8,9
8,4
35,7
35,6
35,5
35,4
35,3
35,1
34,4
34,3
34,1
33,99
33,98
33,97
33,96
33,95
33,94
33,93
33,92
33,91
33,90
33,89
33,88
33,87
33,86
33,85
33,84
33,83
33,82
33,81
33,80
33,79
33,78
33,77
33,76
33,75
33,74
33,73
33,72
33,71
33,70
33,69
33,68
33,67
33,5
33,1
33,4
33,3
31,7
31,5
31,4
31,3
31,1
29,4
29,3
29,1
28,5
28,4
28,3
28,1
27,5
27,3
27,1
25,4
25,3
25,1
24,4
24,3
24,1
20,3
20,2
20,1
19,3
19,2
19,1
12,3
12,2
