38,52
38,51
38,50
38,49
38,48
38,47
38,46
38,45
38,44
38,43
38,42
38,41
38,40
38,39
38,38
38,37
38,36
38,35
3,2
3,1
3,3
10,154
10,140
10,222
10,288
10,162
10,84
10,150
10,152
10,2
10,3
11,13
11,8
11,9
11,14
11,5
11,2
11,3
9,7
9,4
9,1
9,6
9,2
9,3
8,4
8,9
8,6
8,1
8,12
8,2
8,3
0,320
35,11
35,10
35,9
35,8
35,6
35,3
35,1
34,4
34,3
34,1
33,118
33,117
33,116
33,115
33,114
33,113
33,112
33,111
33,110
33,109
33,108
12,2
12,1
33,107
33,106
33,105
33,104
33,103
33,102
33,101
33,100
33,99
33,98
33,97
33,96
33,95
33,94
33,93
33,92
12,3
33,91
33,90
33,89
33,88
33,87
33,86
33,85
33,84
33,83
33,82
33,81
33,80
33,79
33,78
33,77
33,76
33,75
33,74
33,73
33,72
33,71
33,70
20,2
20,1
20,3
33,69
19,2
19,1
19,3
33,68
